User-agent: *
There are no robots which function without the intervention of humanoids.
Are you a robot? or are you human?
Solve this to verify!
01010100 01100110 01101110 00100000 01100111 01110111 01100010 01101011 01100001 01101111 01100001 00100000 
01100101 01100010 01100111 01101111 01110111 00100000 01110111 01100001 01101011 01110111 01100100 01111001 
01101111 00100000 01100110 01100101 01100010 01111010 01100110 01101010 00100000 01100010 01101100 01110111 
00100000 01101110 01100101 01110011 01100101 01110000 01100111 01100011 01100110 01101110 00100000 01100001 
01111001 01101000 01101110 01101100 01110100 01110000 01110100 00101100 00100000 01111001 01110000 01110011 
01100011 01101000 01110010 01101011 00100000 01101010 01100101 01100010 01101111 01111000 01101010 00100000 
01111000 00100000 01111010 01110011 01111010 01101101 00100000 01101100 01101110 01110000 01101010 01110011 
01100010 01111001 01100110 00100000 01101111 01110001 00100000 01101100 01111010 01110110 01110011 01100111 
01101111 01101111 01100100 00101110 00100000 01010011 01101110 01110001 01100010 00100000 01100101 01110010 
01111010 00100000 01111000 01101110 01100001 01101001 01110111 01110101 01101011 01110000 00100000 01101010 
01101001 01110001 01111010 01100110 01110010 00100000 01110000 01101000 01110011 00100000 01101011 01101100 
01110100 01110000 01100001 01110100 01101110 01100111 00100000 01100101 01101001 01110011 01110101 01100011 
01101110 00100000 01110001 01101110 00100000 01101000 01101110 00100000 01110110 01101100 01111001 01100001 
01101001 01110011 01100011 01100001 01110000 01110011 01100001 01101000 01100001 00100000 01101111 01100001 
01110000 01101011 01101111 01111010 01110111 01101111 01110001 00101110

This kind of text uses a table or maybe a multiple versions of ceaser shifts